100
3 1 3 2 50
3 2 5 3 39
3 2 5 2 66
2 1 2 2 54
3 1 1 4 28
3 1 1 1 79
3 3 4 1 79
4 2 1 1 11
1 4 5 4 15
1 5 4 4 67
4 1 5 4 51
2 2 1 2 2
4 3 2 2 48
1 2 1 5 62
2 5 2 1 9
3 5 5 4 42
3 2 2 5 41
1 3 1 3 7
5 1 2 2 42
5 2 4 2 47
1 5 5 2 32
2 5 4 1 23
1 2 4 5 19
2 3 5 3 43
1 3 4 1 32
4 3 2 1 10
5 3 2 1 1
1 3 2 2 34
4 1 5 3 11
2 3 1 5 87
3 3 4 4 75
1 3 3 2 90
3 4 4 1 18
2 2 4 3 48
2 1 4 2 70
4 1 1 5 59
2 2 3 5 99
1 5 5 3 95
3 1 1 2 88
4 5 5 3 25
4 3 2 1 73
1 2 3 1 85
1 5 3 2 71
1 1 3 2 36
3 2 4 3 45
3 2 2 1 51
1 4 3 4 58
2 5 1 1 66
2 1 4 3 64
3 3 3 1 24
4 1 2 3 5
5 3 2 3 11
2 1 5 2 49
3 3 2 4 96
5 4 2 3 69
4 5 1 2 76
2 2 3 5 5
1 5 4 2 67
5 5 2 3 48
4 5 5 2 9
3 1 4 5 85
1 5 1 1 28
3 4 2 5 17
1 3 1 2 8
2 5 5 3 7
5 4 3 5 20
1 1 1 5 98
5 4 3 1 49
1 1 1 5 13
5 1 2 5 53
3 4 2 2 95
1 2 3 5 78
2 4 5 4 24
3 3 2 4 40
5 4 4 2 46
3 3 1 3 44
5 1 1 2 60
1 1 2 5 64
4 1 2 1 87
2 1 3 3 8
4 2 5 1 2
5 2 4 3 71
4 2 1 1 76
2 3 5 5 97
4 4 4 1 13
3 1 1 3 82
1 5 5 4 64
2 4 3 1 96
5 4 4 4 87
5 4 1 5 69
1 2 2 1 4
1 2 3 1 95
5 1 2 5 52
4 4 2 1 97
5 3 5 2 78
2 4 1 2 66
1 4 4 4 92
2 3 3 5 34
4 1 3 4 55
2 5 2 2 4
