100
2 5 1 4 9534
5 2 2 5 6840
4 1 1 3 5462
4 1 4 3 8382
2 2 3 1 2006
5 2 5 4 9606
1 4 3 2 9276
5 3 2 3 1377
1 5 4 4 3513
3 5 3 1 6359
1 1 1 5 3014
1 3 2 3 5757
3 3 3 5 8666
3 4 3 1 9305
3 2 3 1 32
5 3 3 1 2249
4 3 1 1 9481
3 4 3 4 1653
4 3 4 4 3494
5 4 4 2 2102
5 4 3 2 5482
2 4 5 4 9735
3 1 4 4 5391
2 2 1 4 2649
4 4 3 2 9520
2 4 2 2 4471
3 1 3 2 7749
5 4 1 2 5124
4 5 1 1 3729
1 1 2 3 1928
5 2 2 2 345
3 4 3 4 2082
4 3 1 4 1334
2 1 2 2 3673
5 5 2 4 9633
5 5 3 3 1317
3 4 3 5 3275
5 2 2 5 608
5 3 3 1 8526
3 4 1 1 1343
3 3 3 4 4659
4 2 2 4 3008
4 4 5 1 3011
1 2 4 3 3389
2 3 1 2 4500
1 5 2 5 9913
1 3 4 4 7441
3 5 4 5 4263
2 3 4 2 4144
3 4 1 2 7749
1 4 2 4 7972
1 1 2 1 953
5 4 4 1 5749
1 4 2 2 8919
5 4 4 3 1244
1 1 3 3 9746
1 4 4 2 7401
3 5 3 1 2936
4 3 5 5 6988
2 5 2 3 4849
4 2 1 1 6679
5 5 1 2 752
5 2 1 2 7299
1 1 2 5 5648
1 5 5 3 7001
5 1 3 5 4815
3 1 2 4 956
4 1 4 3 2495
2 1 5 4 6593
3 4 3 3 8351
5 5 3 4 413
2 2 4 4 9835
5 1 5 5 2360
3 3 4 1 9942
2 3 3 2 4462
3 1 2 5 8526
4 3 3 5 9166
1 3 5 2 6764
5 2 5 4 7036
3 5 2 1 3609
4 3 1 1 4191
5 1 5 5 4845
1 2 5 1 3083
5 4 4 1 5445
3 3 3 1 1464
5 5 3 4 8997
4 2 5 5 8185
1 5 1 1 30
5 1 4 4 3622
3 4 2 3 4276
2 4 4 3 5866
4 3 2 2 8106
5 3 3 4 4851
3 4 3 2 7209
3 5 1 5 7005
4 1 5 5 1873
2 2 3 2 6409
3 1 3 4 5709
5 1 1 3 3141
2 2 2 4 5263
