100
2 1 5 4 36476871087420
3 4 1 5 33754856590176
2 2 2 3 303241996879870
1 5 3 4 304413886597561
2 5 3 2 556592389969694
5 1 3 3 84399536617550
2 5 5 2 269849086900918
1 2 1 3 228198346010624
1 1 3 4 131121740790128
3 4 1 2 31175669278095
2 1 3 2 234838250430006
2 1 5 1 229534997460164
5 2 1 2 146770287675980
1 5 5 1 409636725250621
3 1 3 4 267883496065948
3 1 4 3 126120280135542
2 3 3 4 61935195865557
4 2 4 3 370351998054480
2 4 5 1 527637266206179
5 4 5 5 4777996978360
5 2 1 5 515055765456624
2 3 1 3 100579090126664
3 3 1 2 6192552890560
5 1 2 2 179915275932480
5 3 5 1 763761713079456
5 1 1 2 29241678056308
2 1 5 5 301610278508393
5 5 5 1 112365023888928
1 2 1 1 650143531592982
1 2 3 1 98724231613575
1 3 5 4 424520926791612
1 5 1 1 81644265719870
3 5 2 4 28371807861660
2 3 2 3 434174820572706
4 4 5 3 328685139200000
4 3 5 1 249824825144225
4 5 3 5 698178545577887
2 5 3 1 184453744356135
4 5 2 2 408882638587104
3 2 3 5 94932246126965
4 3 2 4 166309299587627
3 4 1 2 574563646804410
3 3 2 1 285709918555786
1 3 2 5 136248833361872
3 2 2 1 194164934683996
5 3 2 1 24677979710812
5 4 3 5 515107871994225
2 3 3 3 5236924736470
2 4 2 3 326501713326960
2 4 5 1 35950794159122
3 2 1 4 129276659871189
4 1 1 1 400738236444980
5 5 5 3 25585528382473
3 5 5 3 315960043418032
3 2 2 3 79550458216448
2 2 5 4 238575096919730
2 4 5 5 50520352633632
5 5 2 1 44876185454592
2 1 5 3 9771301960605
5 5 2 2 37733609029120
5 4 5 2 246684844181388
2 4 2 3 8246602686208
2 4 3 2 244750757329953
4 1 4 3 31257292265190
1 3 4 5 77699665580180
4 5 4 1 120652623355992
3 4 3 3 525693721653072
1 3 1 3 231486000662346
4 3 1 2 20163172477278
4 3 3 5 185767689228990
4 1 1 5 80942348201000
2 3 1 1 109828714634626
2 4 3 5 16769093863122
5 4 1 1 469228366655691
1 2 2 4 24567507030648
2 2 5 2 163965683360447
5 2 3 2 518965155437780
3 2 5 3 64939685337940
4 4 5 1 521366078703648
5 1 2 3 361802536222266
2 4 1 1 96046901658532
2 2 1 3 87926966090880
4 3 1 1 522111164928144
4 2 5 4 96379286410994
5 4 3 3 94649194236285
2 5 2 4 237031592313856
5 5 4 1 77876145843945
3 1 2 3 503424276256755
1 4 1 5 269552310212125
2 3 3 3 675489326694096
2 5 2 1 519555114863408
1 4 1 1 39583711489608
1 5 4 3 391523060610720
1 2 2 5 460495511880372
3 5 2 1 6091304274726
2 5 5 1 265372855400124
5 4 2 2 350387020122769
2 4 1 5 739598113690410
1 3 1 3 375102690771281
3 3 5 4 96360308644951
